Depot:
(175, 821)
Routes:
[(235, 784), (492, 817), (579, 816), (649, 836), (741, 786), (751, 803), (793, 774), (828, 769), (786, 815), (771, 850), (777, 894), (746, 859), (733, 850), (715, 874), (693, 899), (674, 882), (661, 893), (629, 893), (611, 889), (620, 899), (642, 902), (668, 911), (655, 914), (645, 922), (637, 926), (642, 977), (631, 978), (427, 892), ]
[(118, 595), (104, 549), (95, 518), (78, 497), (75, 480), (68, 464), (63, 443), (56, 420), (77, 398), (73, 394), (82, 351), (97, 308), (111, 284), (105, 233), (90, 209), (82, 200), (69, 193), (63, 190), (69, 168), (70, 115), (71, 75), (0, 48), (22, 100), (44, 98), (36, 124), (27, 134), (47, 136), (59, 163), (39, 198), (49, 230), (34, 241), (72, 256), (82, 268), (72, 270), (46, 259), (44, 264), (8, 272), (40, 311), (52, 328), (3, 464), (91, 607), ]
[(147, 765), (150, 753), (118, 725), (105, 710), (210, 586), (199, 564), (197, 529), (225, 528), (245, 503), (213, 479), (234, 458), (208, 367), (203, 330), (181, 289), (169, 271), (164, 263), (193, 257), (158, 198), (158, 185), (160, 172), (155, 172), (163, 188), (178, 189), (190, 183), (182, 177), (198, 125), (190, 120), (118, 92), (139, 121), (123, 135), (127, 166), (138, 183), (127, 185), (119, 191), (138, 215), (144, 219), (151, 231), (128, 221), (109, 241), (130, 276), (139, 264), (147, 277), (201, 544), (215, 664), ]
[(222, 859), (217, 890), (228, 918), (214, 918), (208, 922), (219, 944), (211, 996), (191, 999), (131, 996), (138, 981), (129, 975), (142, 957), (157, 944), (163, 937), (187, 932), (198, 934), (195, 927), (177, 923), (166, 931), (159, 932), (140, 920), (120, 919), (107, 915), (92, 946), (104, 951), (101, 968), (42, 967), (12, 916), (17, 858), (26, 818), (70, 729), (76, 744), (98, 706), (96, 684), (96, 761), (143, 744), (145, 772), (192, 702), (204, 708), (197, 741), (151, 777), (158, 769), (150, 746), (156, 748), (144, 824), (128, 820), ]
[(143, 894), (118, 903), (118, 904), (166, 955), (162, 968), (166, 971), (178, 969), (178, 957), (190, 958), (182, 905), (167, 891), (161, 887), (125, 874), (93, 905), (82, 928), (86, 905), (98, 842), (73, 790), (98, 796), (118, 790), (115, 788), (138, 797), (179, 742), (167, 720), (124, 772), (108, 777), (125, 766), (88, 671), (126, 801), (135, 814), (139, 824), (157, 888), (173, 996), (187, 995), (236, 969), (191, 915), (233, 962), (237, 944), (236, 932), (228, 938), (204, 978), (195, 983), (240, 972), (244, 971), (255, 944), (255, 943), (262, 940), (271, 936), (267, 934), (256, 895), ]
[(223, 717), (233, 702), (232, 648), (234, 634), (236, 621), (215, 625), (213, 642), (125, 681), (114, 684), (132, 600), (122, 579), (120, 571), (101, 592), (75, 564), (60, 570), (42, 552), (38, 527), (41, 510), (52, 512), (48, 503), (46, 502), (50, 493), (62, 495), (58, 479), (34, 399), (55, 388), (73, 379), (14, 295), (23, 336), (6, 367), (5, 393), (14, 424), (15, 431), (23, 468), (27, 507), (33, 514), (9, 509), (10, 520), (14, 532), (23, 553), (20, 596), (29, 604), (38, 618), (11, 624), (50, 718), (52, 737), (76, 755), (129, 792), ]
[(162, 797), (157, 787), (135, 782), (126, 754), (152, 714), (170, 717), (169, 712), (180, 670), (182, 640), (164, 569), (174, 535), (176, 497), (164, 489), (152, 397), (151, 387), (196, 361), (261, 204), (284, 14), (333, 77), (282, 313), (370, 512), (278, 544), (255, 551), (271, 641), (246, 707), ]
[(233, 834), (572, 980), (616, 999), (650, 992), (662, 981), (677, 991), (686, 985), (707, 977), (728, 986), (729, 986), (739, 987), (806, 973), (843, 942), (832, 933), (792, 923), (770, 920), (760, 925), (749, 909), (740, 904), (719, 946), (731, 958), (704, 965), (686, 952), (702, 937), (696, 937), (682, 937), (662, 959), (648, 973), (653, 958), (657, 959), (662, 952), (664, 948), (663, 947), (663, 942), (642, 915), (643, 943), (645, 947), (606, 962), (606, 976), (592, 971), (587, 963), (587, 942), (587, 930), (571, 920), (553, 894), (584, 877), (515, 841), (280, 828), ]
[(213, 819), (222, 825), (252, 809), (266, 796), (211, 709), (146, 583), (142, 539), (140, 486), (132, 478), (144, 476), (137, 467), (138, 464), (132, 465), (123, 468), (110, 461), (110, 440), (130, 426), (138, 389), (119, 363), (107, 321), (127, 302), (189, 251), (196, 229), (109, 216), (97, 174), (93, 167), (113, 97), (93, 135), (58, 195), (55, 196), (53, 210), (23, 212), (64, 297), (65, 322), (70, 339), (79, 391), (88, 408), (100, 444), (86, 456), (96, 465), (108, 491), (82, 610), ]
[(343, 894), (336, 887), (353, 838), (349, 821), (518, 749), (602, 561), (728, 533), (709, 691), (679, 707), (685, 804), (649, 801), (626, 857), (585, 950), (556, 1000), (547, 981), (455, 984), (386, 1000), (303, 976), (309, 976), (309, 966), (240, 994), (226, 907), (216, 873), ]
free locations:
(166, 804), (182, 728), (204, 931), (199, 789), (151, 795), (355, 701), (150, 954), (257, 671), (69, 740), (247, 686), (297, 643), (11, 794), (184, 760), (290, 691), (278, 697), 
