Depot:
(175, 821)
Routes:
[(233, 834), (606, 962), (616, 999), (631, 978), (739, 987), (731, 958), (740, 904), (626, 857), (649, 836), (649, 801), (679, 707), (709, 691), (728, 533), (602, 561), (518, 749), ]
[(145, 772), (118, 725), (105, 710), (98, 706), (70, 729), (69, 740), (52, 737), (50, 718), (11, 624), (20, 596), (29, 604), (38, 618), (88, 671), (213, 642), (215, 625), (236, 621), (234, 634), (232, 648), (215, 664), (211, 709), (204, 708), (192, 702), (182, 728), (179, 742), (184, 760), (199, 789), (235, 784), (128, 820), (139, 824), (125, 874), (98, 842), (93, 905), (86, 905), (12, 916), (17, 858), (26, 818), (11, 794), (73, 790), (76, 755), (76, 744), (96, 761), (147, 765), (115, 788), (98, 796), (108, 777), (126, 754), (125, 766), (124, 772), (150, 753), (157, 787), ]
[(167, 720), (164, 569), (164, 489), (152, 397), (151, 387), (198, 125), (190, 120), (139, 121), (123, 135), (113, 97), (118, 92), (71, 75), (0, 48), (36, 124), (59, 163), (69, 168), (69, 193), (138, 389), (130, 426), (100, 444), (108, 491), (140, 486), (144, 476), (132, 478), (176, 497), (174, 535), ]
[(197, 741), (223, 717), (246, 707), (233, 702), (132, 600), (118, 595), (122, 579), (120, 571), (104, 549), (95, 518), (123, 468), (132, 465), (138, 464), (137, 467), (110, 440), (110, 461), (88, 408), (77, 398), (79, 391), (73, 394), (55, 388), (73, 379), (82, 351), (70, 339), (65, 322), (52, 328), (40, 311), (23, 336), (6, 367), (5, 393), (34, 399), (14, 424), (15, 431), (56, 420), (63, 443), (68, 464), (75, 480), (78, 497), (38, 527), (60, 570), (42, 552), (23, 553), (14, 532), (10, 520), (9, 509), (27, 507), (41, 510), (46, 502), (52, 512), (58, 479), (23, 468), (3, 464), (33, 514), (48, 503), (75, 564), (101, 592), (91, 607), (82, 610), (96, 684), (114, 684), (125, 681), (152, 714), (150, 746), (143, 744), (156, 748), (158, 769), (151, 777), ]
[(247, 686), (278, 697), (290, 691), (355, 701), (297, 643), (271, 641), (255, 551), (278, 544), (370, 512), (196, 229), (190, 183), (182, 177), (178, 189), (155, 172), (127, 166), (93, 135), (93, 167), (97, 174), (119, 191), (163, 188), (158, 198), (189, 251), (193, 257), (201, 544), (199, 564), (170, 717), ]
[(144, 824), (135, 782), (50, 493), (62, 495), (96, 465), (86, 456), (14, 295), (8, 272), (34, 241), (49, 230), (23, 212), (39, 198), (53, 210), (55, 196), (58, 195), (27, 134), (22, 100), (44, 98), (70, 115), (47, 136), (63, 190), (82, 200), (90, 209), (109, 216), (105, 233), (109, 241), (72, 256), (82, 268), (72, 270), (44, 264), (46, 259), (64, 297), (97, 308), (111, 284), (127, 302), (107, 321), (119, 363), ]
[(169, 712), (180, 670), (182, 640), (197, 529), (213, 479), (234, 458), (208, 367), (196, 361), (203, 330), (181, 289), (169, 271), (164, 263), (147, 277), (130, 276), (139, 264), (151, 231), (144, 219), (138, 215), (128, 221), (127, 185), (138, 183), (158, 185), (160, 172), (284, 14), (333, 77), (261, 204), (282, 313), (245, 503), (225, 528), ]
[(213, 819), (252, 809), (266, 796), (349, 821), (492, 817), (515, 841), (579, 816), (685, 804), (741, 786), (751, 803), (793, 774), (828, 769), (786, 815), (771, 850), (777, 894), (746, 859), (733, 850), (715, 874), (693, 899), (719, 946), (704, 965), (686, 952), (663, 942), (655, 914), (668, 911), (674, 882), (661, 893), (629, 893), (642, 902), (645, 922), (642, 915), (587, 930), (571, 920), (553, 894), (427, 892), (353, 838), (280, 828), (222, 825), ]
[(138, 797), (126, 801), (167, 891), (182, 905), (191, 915), (177, 923), (166, 931), (159, 932), (163, 937), (157, 944), (150, 954), (142, 957), (104, 951), (92, 946), (120, 919), (143, 894), (118, 903), (118, 904), (107, 915), (82, 928), (42, 967), (101, 968), (129, 975), (138, 981), (131, 996), (173, 996), (187, 995), (191, 999), (211, 996), (204, 978), (195, 983), (190, 958), (178, 969), (166, 955), (198, 934), (195, 927), (208, 922), (204, 931), (219, 944), (228, 938), (233, 962), (236, 969), (240, 972), (244, 971), (240, 994), (303, 976), (309, 976), (309, 966), (386, 1000), (455, 984), (343, 894), (336, 887), (271, 936), (267, 934), (262, 940), (255, 943), (255, 944), (237, 944), (236, 932), (214, 918), (217, 890), (216, 873), (222, 859), ]
[(162, 968), (166, 971), (178, 957), (547, 981), (556, 1000), (572, 980), (585, 950), (587, 942), (587, 963), (592, 971), (606, 976), (642, 977), (662, 981), (650, 992), (677, 991), (728, 986), (729, 986), (686, 985), (707, 977), (806, 973), (843, 942), (832, 933), (792, 923), (770, 920), (760, 925), (749, 909), (702, 937), (696, 937), (682, 937), (662, 952), (662, 959), (648, 973), (664, 948), (663, 947), (653, 958), (657, 959), (645, 947), (643, 943), (637, 926), (620, 899), (611, 889), (584, 877), ]
free locations:
(166, 804), (140, 920), (187, 932), (157, 888), (161, 887), (129, 792), (135, 814), (210, 586), (162, 797), (142, 539), (146, 583), (118, 790), (151, 795), (256, 895), (226, 907), (228, 918), (257, 671), 
